389
390
1927
1929
1930
1931
1932
1933
1936
1939
1940
1945
1950
1951
1952
1953
1957
1958
1960
1961
1963
2001
2009
2016
2018
2022
2056
2803
2806
2809
2900
2901
2903
2904
2905
2906
2908
2967
2969
2980
2981
2982
2983
2984
2985
2986
2987
2988
2989
2990
2991
2993
2995
2996
2997
2998
2999
3000
3001
3005
3006
3007
3009
3101
3102
3205
3206
3300
3301
3303
3305
3306
3308
3309
3401
3402
3403
3406
3408
3500
392
393
394
395
396
360
361
362
363
364
365
366
384
386
387
397
401
402
403
405
899 
3
15
19
33
34
35
36
37
39
44
45
46
47
49
51
58
69
74
81
87
91
93
95
99
102
103
111
112
114
116
117
123
156
161
178
180
182
193
195
199
201
206
209
216
218
222
239
241
242
245
246
249
256
259
265
266
269
271
273
275
276
279
280
283
286
289
290
291
293
294
295
296
298
300
301
305
306
307
309
311
312
325
326
330
331
333
335
336
338
339
341
342
343
346
347
348
350
352
353
354
356
357
358
359
360
361
362
363
364
365
366
368
370
372
374
376
381
383
384
386
387
389
390
392
393
394
395
396
397
398
399
400
401
402
403
405
406
407
409
410
420
422
423
425
428
444
446
448
450
456
489
490
491
492
493
494
497
499
500
505
506
508
510
512
513
516
517
519
521
522
523
524
525
526
527
529
530
531
532
533
536
539
540
545
550
551
552
553
558
560
561
563
567
569
580
581
582
583
585
586
587
589
590
591
593
595
596
597
598
599
600
601
603
605
606
607
609
610
611
612
613
615
616
617
619
622
623
624
628
629
630
631
632
633
634
635
636
637
638
639
700
705
706
708
710
712
713
716
717
719
721
722
723
724
725
726
727
729
730
731
732
733
736
739
740
741
745
746
750
751
752
753
754
757
758
759
760
761
762
763
764
767
768
769
770
771
780
781
782
783
784
785
786
787
788
789
790
791
792
793
794
795
796
797
798
799
800
801
802
804
805
806
807
808
810
811
812
813
814
815
816
817
818
819
820
821
822
823
825
826
827
829
830
831
832
833
834
835
836
837
839
840
841
844
845
846
2059
2060
2065
2066
2069
2309
2701
2703
2705
2706
2709
2800
850
851
852
853
854
857
858
859
860
861
862
863
864
867
868
869
870
879
880
881
882
883
884
885
886
887
888
889
890
891
892
893
894
895
896
897
898
899
900
902
904
905
906
908
909
910
911
912
913
914
915
916
918
919
920
921
922
923
924
925
926
927
928
929
930
931
932
933
934
935
936
939
940
941
942
945
946
949
950
951
952
953
954
956
957
958
959
960
961
962
963
964
965
966
967
969
970
971
972
973
974
975
976
977
985
986
987
989
990
991
993
994
995
996
997
998
999
1000
1002
1003
1011
1023
1061
1078
1080
1082
1093
1095
1099
1506
1906
1908
1910
1912
1913
1916
1917
1919
1921
1922
1923
1924
1925
1926
3502
3503
3504
3506
3507
3509
3570
3600
3601
3602
3603
3604
3605
3606
3786
3787
3788
3789
3790
3791
3793
3795
3796
3797
3798
3799
3800
3801
3803
3804
3805
3806
3807
3808
3809
3810
3812
3813
3816
3817
3819
3821
3822
3823
3824
3825
3826
3827
3829
3830
3831
3832
3900
3902
3903
3904
3906
3907
3908
3909
3950
3951
3952
4000
4001
4002
4003
4005
4006
4007
4009
4033
4034
4035
4100
4111
4135
4200
4223
4300
4350
4356
4366
4404
4506
4697
4710
4712
4723
4727
4735
4739
4750
4752
4758
4760
4764
4809
4900
4901
4902
4903
4904
4907
4909
5000
5001
5005
5006
5008
5033
5034
5035
5100
5101
5102
5103
5106
5107
5109
5135
5201
5202
5203
5204
5205
5206
5207
5209
5223
5300
5301
5302
5303
5309
5350
5356
5360
5366
5400
5405
5500
5501
5502
5503
5508
5600
5601
5603
5607
5609
5697
5710
5712
5723
5727
5735
5739
5750
5752
5758
5760
5764
5800
5801
5802
5803
5804
5805
5806
5807
5808
5809
5900
5901
5903
5905
5906
5907
5908
5909
6000
6001
6003
6005
6006
6007
6009
6015
6016
6017
6019
6022
6023
6024
6028
6029
6030
6031
6032
6033
6034
9172
9173
9174
9175
9176
9177
9178
6035
6036
6100
6101
6102
6103
6135
6223
6300
6307
6308
6350
6356
6366
6697
6710
6712
6723
6727
6735
6739
6750
6752
6758
6760
6764
7000
7005
7006
7008
7100
7102
7103
7106
7107
7109
7201
7202
7203
7204
7205
7206
7207
7209
7300
7301
7302
7303
7306
7309
7507
8333
8336
8339
8340
8345
8350
8351
8352
8353
8357
8358
8360
8361
8362
8364
8863
8867
8869
8880
8881
8882
8883
8884
8886
8887
8888
8889
8890
8891
8893
8895
8896
8897
8898
8899
8900
8905
8906
8907
8908
8910
8911
8912
8913
8916
8917
8919
8921
8922
8923
8924
8925
8926
8927
8930
8931
8932
8933
8935
8936
8939
8940
8945
8950
8951
8952
8953
8957
8958
8960
8961
8963
8967
8999
9100
9111
9123
9124
9125
9129
9130
9131
9132
9133
9134
9135
9136
9146
9191
9192
9193
9829
9869
9880
9881
9882
9883
9884
9885
9886
9887
9888
9889
9890
9891
9892
9893
9894
9895
9896
9897
9898
9899
9901
9902
9903
9904
9905
9906
9908
9148
9149
9150
9151
9152
9153
9154
9155
9156
9157
9158
9159
9160
9161
9162
9163
1